2	950	40	0.2
12.103813
12.170065
12.228681
12.28611
12.342109
12.398885
12.458718
12.513673
12.556865
12.590312
12.615418
12.635942
12.663302
12.70883
12.778529
12.877356
13.003195
13.148888
13.311786
13.480242
13.640182
13.787475
13.919222
14.035511
14.137679
14.223681
14.295628
14.360258
14.414945
14.450772
14.459806
14.437767
14.388527
14.314764
14.219151
14.109826
13.993503
13.872678
13.746729
13.616139
13.482464
13.344491
13.202478
13.060918
12.928787
12.80989
12.697927
12.588709
12.482517
12.371355
12.242263
12.092038
11.926179
11.748546
11.562076
11.378079
11.211353
11.06831
10.944012
10.830317
10.726423
10.63281
10.541685
10.451209
10.374052
10.319695
10.281806
10.252757
10.237286
10.236064
10.237499
10.23354
10.231799
10.240597
10.254189
10.267675
10.286531
10.314127
10.339869
10.351993
10.352161
10.347031
10.335234
10.317161
10.307148
10.316958
10.343786
10.378334
10.414307
10.444613
10.456222
10.439678
10.401816
10.363265
10.336514
10.323859
10.329162
10.356695
10.401684
10.447577
10.481186
10.502751
10.514225
10.517537
10.527673
10.559287
10.612245
10.676107
10.738684
10.791259
10.823511
10.826311
10.803185
10.77132
10.741426
10.713075
10.687433
10.670532
10.66302
10.656155
10.640776
10.614372
10.57887
10.530781
10.471038
10.406376
10.340189
10.269617
10.191917
10.106736
10.011507
9.901045
9.770012
9.622952
9.468742
9.312902
9.162349
9.027555
8.913491
8.812392
8.712722
8.611205
8.511797
8.419056
8.337108
8.270448
8.221497
8.189237
8.169732
8.154535
8.132223
8.091725
8.025455
7.93043
7.810674
7.678383
7.542918
7.411507
7.294925
7.19807
7.116998
7.051115
7.00125
6.967174
6.952378
6.958651
6.984277
7.025401
7.080372
7.144064
7.211225
7.280688
7.353672
7.433922
7.521065
7.612795
7.709379
7.807211
7.900146
7.982793
8.048656
8.093279
8.114394
8.111985
8.091039
8.059679
8.025873
7.997426
7.977844
7.964689
7.956256
7.956286
7.967612
7.988587
8.021054
8.069301
8.130765
8.19721
8.261789
8.320953
8.373511
8.414824
8.443424
8.469898
8.503268
8.546315
8.605939
8.687967
8.781748
8.87073
8.944813
9.000484
9.04184
9.076957
9.119452
9.18796
9.294464
9.436314
9.602088
9.779176
9.952553
10.107479
10.237574
10.35072
10.457632
10.560366
10.661243
10.764051
10.867235
10.960539
11.031951
11.079689
11.111572
11.136507
11.160538
11.192739
11.243549
11.315609
11.405491
11.508461
11.620876
11.732826
11.832354
11.926195
12.022422
12.117394
12.208833
12.298693
12.388324
12.469067
12.533446
12.586515
12.635287
12.685823
12.7491
12.841664
12.971684
13.133502
13.317498
13.509626
13.697036
13.865848
14.008242
14.129245
14.238148
14.345
14.453561
14.565848
14.683207
14.802356
14.919461
15.037844
15.164717
15.303804
15.461319
15.643674
15.846067
16.059894
16.27947
16.498309
16.710932
16.912048
17.102351
17.287271
17.467971
17.642584
17.809707
17.965111
18.099437
18.205955
18.28051
18.323648
18.346946
18.365195
18.391733
18.440932
18.520565
18.627188
18.749687
18.872316
18.983315
19.077897
19.154181
19.212586
19.257994
19.294689
19.321817
19.339756
19.350202
19.354505
19.354738
19.357792
19.373419
19.406127
19.457646
19.53235
19.634953
19.760891
19.901921
20.054871
20.215207
20.376397
20.531157
20.670475
20.794091
20.907579
21.006659
21.089283
21.161812
21.224258
21.265332
21.282148
21.290187
21.301499
21.317098
21.340184
21.383415
21.454569
21.542111
21.628358
21.707739
21.781479
21.843291
21.887778
21.92732
21.976985
22.033705
22.086122
22.132006
22.177331
22.218516
22.24533
22.256776
22.261119
22.262098
22.258528
22.25682
22.264302
22.280011
22.2979
22.31425
22.330997
22.348321
22.361632
22.375008
22.399852
22.435227
22.4702
22.500828
22.529055
22.553879
22.568913
22.577067
22.589319
22.606201
22.626326
22.651525
22.681523
22.71026
22.724692
22.717279
22.692927
22.655702
22.602177
22.534961
22.460106
22.379072
22.293619
22.209657
22.132502
22.062488
21.997283
21.937726
21.888247
21.850907
21.823989
21.806741
21.803466
21.814986
21.834216
21.853844
21.875053
21.901359
21.929546
21.961801
22.011049
22.083344
22.169628
22.257602
22.343772
22.4243
22.490027
22.537066
22.573969
22.612249
22.654083
22.701066
22.75313
22.801326
22.832427
22.839132
22.824368
22.796341
22.761669
22.724572
22.695674
22.685595
22.693531
22.708739
22.720751
22.72378
22.710603
22.675642
22.625206
22.571401
22.51837
22.465956
22.412581
22.355859
22.295291
22.226055
22.141814
22.044528
21.937684
21.827034
21.721726
21.622509
21.524457
21.424478
21.31456
21.185191
21.037026
20.874596
20.70065
20.521424
20.346878
20.181729
20.032403
19.906248
19.806675
19.73534
19.684587
19.645767
19.613649
19.583842
19.547694
19.495815
19.42724
19.342063
19.235589
19.110396
18.978157
18.850374
18.738974
18.649197
18.584145
18.548325
18.530017
18.507222
18.466013
18.399695
18.301048
18.167619
18.009981
17.845527
17.688132
17.543808
17.41558
17.304356
17.201986
17.094587
16.971861
16.829731
16.670316
16.496747
16.309852
16.117948
15.931224
15.749966
15.571826
15.39767
15.227859
15.062259
14.907004
14.77008
14.654814
14.557846
14.472675
14.396404
14.323271
14.245303
14.160085
14.068533
13.976197
13.890176
13.816825
13.76367
13.732865
13.718845
13.716154
13.719111
13.718258
13.705185
13.677248
13.636656
13.585384
13.525658
13.460532
13.390462
13.315617
13.236365
13.157997
13.092347
13.047177
13.024435
13.031937
13.081839
13.173706
13.298255
13.450185
13.622206
13.803082
13.981498
14.156212
14.331808
14.503391
14.661612
14.802256
14.924951
15.022557
15.085348
15.114338
15.122975
15.123966
15.125579
15.137347
15.170998
15.231677
15.316545
15.422723
15.546894
15.680819
15.810749
15.927207
16.028608
16.111464
16.168525
16.194754
16.189197
16.151476
16.079336
15.973442
15.844248
15.708968
15.586417
15.492549
15.44085
15.439887
15.483403
15.555645
15.639739
15.723486
15.797473
15.852733
15.884381
15.88888
15.860259
15.788343
15.662303
15.47747
15.23374
14.933893
14.586986
14.213183
13.833741
13.460851
13.104907
12.776333
12.480023
12.211406
11.961342
11.727386
11.512669
11.314918
11.131121
10.962427
10.805368
10.656903
10.514183
10.373525
10.234761
10.100133
9.97527
9.870004
9.796654
9.767215
9.784153
9.83831
9.921598
10.02282
10.12382
10.205176
10.254287
10.26991
10.253797
10.203654
10.116258
9.991129
9.827427
9.62494
9.388307
9.127506
8.858157
8.596336
8.354385
8.14279
7.964747
7.812919
7.677843
7.550437
7.420427
7.273575
7.099756
6.903918
6.697036
6.484238
6.268723
6.055999
5.851466
5.656779
5.465995
5.272544
5.07898
4.89573
4.729261
4.585812
4.477869
4.410877
4.383179
4.384598
4.398201
4.410664
4.412035
4.394834
4.355367
4.296678
4.223277
4.13834
4.04166
3.931053
3.808307
3.673207
3.52865
3.386978
3.255781
3.138489
3.040064
2.963833
2.90924
2.872914
2.844813
2.807459
2.751924
2.681325
2.594759
2.489487
2.370358
2.243179
2.10754
1.959284
1.799274
1.6339
1.467009
1.301621
1.144465
1.008941
0.909388
0.843857
0.8042
0.788959
0.790107
0.788884
0.771254
0.738708
0.694671
0.637785
0.571527
0.504989
0.443414
0.379579
0.303851
0.221103
0.143378
0.075427
0.022375
0
0.02504
0.094627
0.195568
0.323297
0.472352
0.628259
0.773695
0.902773
1.017424
1.111503
1.175754
1.207641
1.208882
1.176608
1.111314
1.022588
0.929586
0.853819
0.810894
0.813741
0.875424
0.999088
1.169588
1.365775
1.567666
1.757315
1.918776
2.040983
2.123256
2.171002
2.187864
2.175287
2.139602
2.087516
2.019838
1.94327
1.867587
1.799201
1.749101
1.727122
1.740292
1.795566
1.89066
2.017456
2.163876
2.31727
2.47222
2.624634
2.76933
2.904996
3.033513
3.15143
3.254124
3.340349
3.409053
3.462231
3.502128
3.532194
3.563539
3.612422
3.689124
3.796374
3.934568
4.097963
4.270687
4.432701
4.573293
4.689199
4.774014
4.828334
4.864147
4.893858
4.924909
4.954226
4.975852
4.993355
5.012154
5.034219
5.065268
5.115763
5.194029
5.301325
5.432734
5.581733
5.737894
5.882413
5.999909
6.089371
6.155191
6.201475
6.23356
6.25887
6.285004
6.311842
6.338012
6.364295
6.38797
6.407658
6.425372
6.445082
6.474294
6.516828
6.572784
6.643883
6.727317
6.8165
6.909256
7.004809
7.102154
7.197309
7.285164
7.36087
7.418611
7.456167
7.4703
7.463187
7.442253
7.417908
7.402112
7.409058
7.449297
7.523939
7.633591
7.773899
7.935011
8.10726
8.290342
8.487856
8.696522
8.914874
9.140828
9.366901
9.5805
9.768807
9.92876
10.063552
10.18205
10.304337
10.450104
10.627884
10.835227
11.056407
11.268837
11.455647
11.610474
11.735509
11.841826
11.943667
12.050897
12.164191
12.276304
12.379604
12.467699
12.528204
12.548797
12.534103
12.498847
12.449825
12.395793
12.361362
12.365651
12.411287
12.490336
12.59309
12.705875
12.809939
12.888201
12.933842
12.95062
12.939759
12.899429
12.827575
12.729157
12.613386
12.486933
12.356889
12.239041
12.14984
12.09147
12.059704
12.05221
12.062148
12.079875
12.098968
12.116059
12.130441
12.140197
12.145639
12.154469
12.173024
12.197319
12.220619
12.236254
12.236474
12.215152
12.171306
12.111388
12.046956
11.993042
11.963132
11.961514
11.985115
12.033705
12.102651
12.179248
12.258452
12.343463
12.43594
12.53345
12.634378
12.736663
12.834901
12.915255
12.963161
12.979019
12.96727
12.927436
12.863465
12.79195
12.730097
12.686342
12.665977
12.671279
12.700092
12.741162
12.776329
12.796921
12.802819
12.788173
12.746305
12.677393
12.586903
12.473432
12.330314
12.103813
12.170065
12.228681
12.28611
12.342109
12.398885
12.458718
12.513673
12.556865
12.590312
12.615418
12.635942
12.663302
12.70883
12.778529
12.877356
13.003195
13.148888
13.311786
13.480242
13.640182
13.787475
13.919222
14.035511
14.137679
14.223681
14.295628
14.360258
14.414945
14.450772
14.459806
14.437767
14.388527
14.314764
14.219151
14.109826
13.993503
13.872678
13.746729
13.616139
13.482464
13.344491
13.202478
13.060918
12.928787
12.80989
12.697927
12.588709
12.482517
12.371355
12.242263
12.092038
11.926179
11.748546
11.562076
11.378079
11.211353
11.06831
10.944012
10.830317
10.726423
10.63281
10.541685
10.451209
10.374052
10.319695
10.281806
10.252757
10.237286
10.236064
10.237499
10.23354
10.231799
10.240597
10.254189
10.267675
10.286531
10.314127
10.339869
10.351993
10.352161
10.347031
10.335234
10.317161
10.307148
10.316958
10.343786
10.378334
10.414307
10.444613
10.456222
10.439678
10.401816
10.363265
10.336514
10.323859
10.329162
10.356695
10.401684
10.447577
10.481186
10.502751
10.514225
10.517537
10.527673
10.559287
10.612245
10.676107
10.738684
10.791259
10.823511
10.826311
10.803185
10.77132
10.741426
10.713075
10.687433
10.670532
10.66302
10.656155
10.640776
10.614372
10.57887
10.530781
10.471038
10.406376
10.340189
10.269617
10.191917
10.106736
10.011507
9.901045
9.770012
9.622952
9.468742
9.312902
9.162349
9.027555
8.913491
8.812392
8.712722
8.611205
8.511797
8.419056
8.337108
8.270448
8.221497
8.189237
8.169732
8.154535
8.132223
8.091725
8.025455
7.93043
7.810674
7.678383
7.542918
7.411507
7.294925
7.19807
7.116998
7.051115
7.00125
6.967174
6.952378
6.958651
6.984277
7.025401
7.080372
7.144064
7.211225
7.280688
7.353672
7.433922
7.521065
7.612795
7.709379
7.807211
7.900146
7.982793
8.048656
8.093279
8.114394
8.111985
8.091039
8.059679
8.025873
7.997426
7.977844
7.964689
7.956256
7.956286
7.967612
7.988587
8.021054
8.069301
8.130765
8.19721
8.261789
8.320953
8.373511
8.414824
8.443424
8.469898
8.503268
8.546315
8.605939
8.687967
8.781748
8.87073
8.944813
9.000484
9.04184
9.076957
9.119452
9.18796
9.294464
9.436314
9.602088
9.779176
9.952553
10.107479
10.237574
10.35072
10.457632
10.560366
10.661243
10.764051
10.867235
10.960539
11.031951
11.079689
11.111572
11.136507
11.160538
11.192739
11.243549
11.315609
11.405491
11.508461
11.620876
11.732826
11.832354
11.926195
12.022422
12.117394
12.208833
12.298693
12.388324
12.469067
12.533446
12.586515
12.635287
12.685823
12.7491
12.841664
12.971684
13.133502
13.317498
13.509626
13.697036
13.865848
14.008242
14.129245
14.238148
14.345
14.453561
14.565848
14.683207
14.802356
14.919461
15.037844
15.164717
15.303804
15.461319
15.643674
15.846067
16.059894
16.27947
16.498309
16.710932
16.912048
17.102351
17.287271
17.467971
17.642584
17.809707
17.965111
18.099437
18.205955
18.28051
18.323648
18.346946
18.365195
18.391733
18.440932
18.520565
18.627188
18.749687
18.872316
18.983315
19.077897
19.154181
19.212586
19.257994
19.294689
19.321817
19.339756
19.350202
19.354505
19.354738
19.357792
19.373419
19.406127
19.457646
19.53235
19.634953
19.760891
19.901921
20.054871
20.215207
20.376397
20.531157
20.670475
20.794091
20.907579
21.006659
21.089283
21.161812
21.224258
21.265332
21.282148
21.290187
21.301499
21.317098
21.340184
21.383415
21.454569
21.542111
21.628358
21.707739
21.781479
21.843291
21.887778
21.92732
21.976985
22.033705
22.086122
22.132006
22.177331
22.218516
22.24533
22.256776
22.261119
22.262098
22.258528
22.25682
22.264302
22.280011
22.2979
22.31425
22.330997
22.348321
22.361632
22.375008
22.399852
22.435227
22.4702
22.500828
22.529055
22.553879
22.568913
22.577067
22.589319
22.606201
22.626326
22.651525
22.681523
22.71026
22.724692
22.717279
22.692927
22.655702
22.602177
22.534961
22.460106
22.379072
22.293619
22.209657
22.132502
22.062488
21.997283
21.937726
21.888247
21.850907
21.823989
21.806741
21.803466
21.814986
21.834216
21.853844
21.875053
21.901359
21.929546
21.961801
22.011049
22.083344
22.169628
22.257602
22.343772
22.4243
22.490027
22.537066
22.573969
22.612249
22.654083
22.701066
22.75313
22.801326
22.832427
22.839132
22.824368
22.796341
22.761669
22.724572
22.695674
22.685595
22.693531
22.708739
22.720751
22.72378
22.710603
22.675642
22.625206
22.571401
22.51837
22.465956
22.412581
22.355859
22.295291
22.226055
22.141814
22.044528
21.937684
21.827034
21.721726
21.622509
21.524457
21.424478
21.31456
21.185191
21.037026
20.874596
20.70065
20.521424
20.346878
20.181729
20.032403
19.906248
19.806675
19.73534
19.684587
19.645767
19.613649
19.583842
19.547694
19.495815
19.42724
19.342063
19.235589
19.110396
18.978157
18.850374
18.738974
18.649197
18.584145
18.548325
18.530017
18.507222
18.466013
18.399695
18.301048
18.167619
18.009981
17.845527
17.688132
17.543808
17.41558
17.304356
17.201986
17.094587
16.971861
16.829731
16.670316
16.496747
16.309852
16.117948
15.931224
15.749966
15.571826
15.39767
15.227859
15.062259
14.907004
14.77008
14.654814
14.557846
14.472675
14.396404
14.323271
14.245303
14.160085
14.068533
13.976197
13.890176
13.816825
13.76367
13.732865
13.718845
13.716154
13.719111
13.718258
13.705185
13.677248
13.636656
13.585384
13.525658
13.460532
13.390462
13.315617
13.236365
13.157997
13.092347
13.047177
13.024435
13.031937
13.081839
13.173706
13.298255
13.450185
13.622206
13.803082
13.981498
14.156212
14.331808
14.503391
14.661612
14.802256
14.924951
15.022557
15.085348
15.114338
15.122975
15.123966
15.125579
15.137347
15.170998
15.231677
15.316545
15.422723
15.546894
15.680819
15.810749
15.927207
16.028608
16.111464
16.168525
16.194754
16.189197
16.151476
16.079336
15.973442
15.844248
15.708968
15.586417
15.492549
15.44085
15.439887
15.483403
15.555645
15.639739
15.723486
15.797473
15.852733
15.884381
15.88888
15.860259
15.788343
15.662303
15.47747
15.23374
14.933893
14.586986
14.213183
13.833741
13.460851
13.104907
12.776333
12.480023
12.211406
11.961342
11.727386
11.512669
11.314918
11.131121
10.962427
10.805368
10.656903
10.514183
10.373525
10.234761
10.100133
9.97527
9.870004
9.796654
9.767215
9.784153
9.83831
9.921598
10.02282
10.12382
10.205176
10.254287
10.26991
10.253797
10.203654
10.116258
9.991129
9.827427
9.62494
9.388307
9.127506
8.858157
8.596336
8.354385
8.14279
7.964747
7.812919
7.677843
7.550437
7.420427
7.273575
7.099756
6.903918
6.697036
6.484238
6.268723
6.055999
5.851466
5.656779
5.465995
5.272544
5.07898
4.89573
4.729261
4.585812
4.477869
4.410877
4.383179
4.384598
4.398201
4.410664
4.412035
4.394834
4.355367
4.296678
4.223277
4.13834
4.04166
3.931053
3.808307
3.673207
3.52865
3.386978
3.255781
3.138489
3.040064
2.963833
2.90924
2.872914
2.844813
2.807459
2.751924
2.681325
2.594759
2.489487
2.370358
2.243179
2.10754
1.959284
1.799274
1.6339
1.467009
1.301621
1.144465
1.008941
0.909388
0.843857
0.8042
0.788959
0.790107
0.788884
0.771254
0.738708
0.694671
0.637785
0.571527
0.504989
0.443414
0.379579
0.303851
0.221103
0.143378
0.075427
0.022375
0
0.02504
0.094627
0.195568
0.323297
0.472352
0.628259
0.773695
0.902773
1.017424
1.111503
1.175754
1.207641
1.208882
1.176608
1.111314
1.022588
0.929586
0.853819
0.810894
0.813741
0.875424
0.999088
1.169588
1.365775
1.567666
1.757315
1.918776
2.040983
2.123256
2.171002
2.187864
2.175287
2.139602
2.087516
2.019838
1.94327
1.867587
1.799201
1.749101
1.727122
1.740292
1.795566
1.89066
2.017456
2.163876
2.31727
2.47222
2.624634
2.76933
2.904996
3.033513
3.15143
3.254124
3.340349
3.409053
3.462231
3.502128
3.532194
3.563539
3.612422
3.689124
3.796374
3.934568
4.097963
4.270687
4.432701
4.573293
4.689199
4.774014
4.828334
4.864147
4.893858
4.924909
4.954226
4.975852
4.993355
5.012154
5.034219
5.065268
5.115763
5.194029
5.301325
5.432734
5.581733
5.737894
5.882413
5.999909
6.089371
6.155191
6.201475
6.23356
6.25887
6.285004
6.311842
6.338012
6.364295
6.38797
6.407658
6.425372
6.445082
6.474294
6.516828
6.572784
6.643883
6.727317
6.8165
6.909256
7.004809
7.102154
7.197309
7.285164
7.36087
7.418611
7.456167
7.4703
7.463187
7.442253
7.417908
7.402112
7.409058
7.449297
7.523939
7.633591
7.773899
7.935011
8.10726
8.290342
8.487856
8.696522
8.914874
9.140828
9.366901
9.5805
9.768807
9.92876
10.063552
10.18205
10.304337
10.450104
10.627884
10.835227
11.056407
11.268837
11.455647
11.610474
11.735509
11.841826
11.943667
12.050897
12.164191
12.276304
12.379604
12.467699
12.528204
12.548797
12.534103
12.498847
12.449825
12.395793
12.361362
12.365651
12.411287
12.490336
12.59309
12.705875
12.809939
12.888201
12.933842
12.95062
12.939759
12.899429
12.827575
12.729157
12.613386
12.486933
12.356889
12.239041
12.14984
12.09147
12.059704
12.05221
12.062148
12.079875
12.098968
12.116059
12.130441
12.140197
12.145639
12.154469
12.173024
12.197319
12.220619
12.236254
12.236474
12.215152
12.171306
12.111388
12.046956
11.993042
11.963132
11.961514
11.985115
12.033705
12.102651
12.179248
12.258452
12.343463
12.43594
12.53345
12.634378
12.736663
12.834901
12.915255
12.963161
12.979019
12.96727
12.927436
12.863465
12.79195
12.730097
12.686342
12.665977
12.671279
12.700092
12.741162
12.776329
12.796921
12.802819
12.788173
12.746305
12.677393
12.586903
12.473432
12.330314